Polygons

kd,ka,ks,kn

Spheres

radius,kd,ka,ks,kn

Table

458,650,380 1480,650,380 1480,650,970 458,650,970 // Mesa Arriba

458,650,380 1480,650,380 1480,670,380 458,670,380 // lado 1

458,650,970 1480,650,970 1480,670,970 458,670,970 // lado 2

458,650,380 458,650,970 458,670,970 458,670,380 // lado 3

1480,650,380 1480,650,970 1480,670,970 1480,670,380 // lado 4

Walls

0,0,0 0,0,1400 0,1080,1400 0,1080,0

1920,0,0 1920,0,1400 1920,1080,1400 1920,1080,0

Ground

0,1080,1400 1920,1080,1400 1920,1080,0 0,1080,0

Mirror

0,0,1400 1920,0,1400 1920,1080,1400 0,1080,1400

// Test eyes

// Front view

E
960,300,-800
W
300,200,1620,880

// 3/4 view

E
1300,400,-300
W
200,100,1720,980

// Cylinder Test

E
590,300,0
W
0,0,1180,1080

E
960,540,-1500
W
0,0,1920,1080
