# Scene
O
1
E
960,300,-800
W
300,150,1620,830
A
0.25
# Table
P
458,650,380 1480,650,380 1480,650,970 458,650,970
0.8,1,1,5,1,0,0
80,45,22
P
458,650,380 1480,650,380 1480,670,380 458,670,380
0.8,1,1,5,1,0,0
80,45,22
P
458,650,970 1480,650,970 1480,670,970 458,670,970
0.8,1,1,5,1,0,0
80,45,22
P
458,650,380 458,650,970 458,670,970 458,670,380
0.8,1,1,5,1,0,0
80,45,22
P
1480,650,380 1480,650,970 1480,670,970 1480,670,380
0.8,1,1,5,1,0,0
80,45,22
C
478,650,400,478,1080,400
15,1,1,1,5,1,0,0
80,45,22
C
1460,650,400,1460,1080,400
15,1,1,1,5,1,0,0
80,45,22
C
1460,650,950,1460,1080,950
15,1,1,1,5,1,0,0
80,45,22
C
478,650,950,478,1080,950
15,1,1,1,5,1,0,0
80,45,22
# Glasses
C
1240,650,535,1240,565,535
45,0.90,1,1,20,0.4,0,0.6
255,85,85
D
1240,649,535,1285,649,535,1240,649,580
45,0.90,1,0,1,0.4,0,0.6
255,85,85
C
1290,650,650,1290,565,650
45,0.90,1,1,20,0.4,0,0.6
255,42,42
D
1290,649,650,1335,649,650,1290,649,695
45,0.90,1,0,1,0.4,0,0.6
255,42,42
C
1330,650,765,1330,565,765
45,0.90,1,1,20,0.4,0,0.6
255,0,0
D
1330,649,765,1285,649,765,1330,649,810
45,0.90,1,0,1,0.4,0,0.6
255,0,0
C
835,650,830,835,540,830
15,0.90,1,1,20,0.6,0,0.4
215,85,0
D
835,650,830,850,650,830,835,650,845
15,0.90,1,0,1,0.6,0,0.4
215,85,0
# Pencils
P
835,650,830 838,650,830 843,500,830 841,500,830
1,1,0,1,1,0,0
0,0,0
P
835,650,830 832,650,830 828,500,830 833,500,830
1,1,0,1,1,0,0
0,0,0
# Ceil
P
0,0,1400 1920,0,1400 1920,0,0 0,0,0
0.5,1,1,25,1,0,0
102,102,102
# Floor
P
0,1080,1400 1920,1080,1400 1920,1080,0 0,1080,0
T
checkboard
0.00275
0.6,1,1,25,0.85,0.15,0
1,50,75
# Walls
P
0,0,0 0,0,1400 0,1080,1400 0,1080,0
0.5,1,1,25,1,0,0
108,101,120
P
1920,0,0 1920,0,1400 1920,1080,1400 1920,1080,0
0.5,1,1,25,1,0,0
108,101,120
# Painting
P
1,368,460 1,368,940 1,712,940 1,712,460
T
./textures/abstract-painting.ppm
0.5,1,1,25,1,0,0
0,0,0
# Mirror
P
0,0,1400 1920,0,1400 1920,1080,1400 0,1080,1400
1,1,0.5,25,0.8,0.2,0
192,192,192
# Dish
D
675,649,535,565,649,535,675,649,645
110,0.90,1,1,20,0.8,0.2,0
200,183,183
# Ceiling lights
L
720,331,675
1,1.0,0.0001,0.000001
255,255,255
L
1175,331,675
1,1.0,0.0001,0.000001
255,255,255
S
720,250,675
X
640,250,675,720,250,675,720,250,595,0
80,0.90,1,1,20,0.9,0,0.1
255,238,670
S
1175,250,675
X
1095,250,675,1175,250,675,1175,250,595,0
80,0.90,1,1,20,0.9,0,0.1
255,238,670
K
720,172,675,720,0,675
5,1,1,1,5,1,0.5,1,0,0
51,51,62
K
1175,172,675,1175,0,675
5,1,1,1,5,1,0.5,1,0,0
51,51,62
# Floor lights
L
280,645,210
0.5,1.0,0.0001,0.000001
255,255,255
L
1650,645,210
0.5,1.0,0.0001,0.000001
255,255,255
L
280,645,1190
0.5,1.0,0.0001,0.000001
255,255,255
L
1650,645,1190
0.5,1.0,0.0001,0.000001
255,255,255
S
170,590,155
110,0.90,1,1,20,0.9,0,0.1
255,238,670
C
170,590,155,170,1080,155
5,1,1,1,5,1,0,0
0,0,0
S
1760,590,155
110,0.90,1,1,20,0.9,0,0.1
255,238,670
C
1760,590,155,1760,1080,155
5,1,1,1,5,1,0,0
0,0,0
S
170,590,1245
110,0.90,1,1,20,0.9,0,0.1
255,238,670
C
170,590,1245,170,1080,1245
5,1,1,1,5,1,0,0
0,0,0
S
1760,590,1245
110,0.90,1,1,20,0.9,0,0.1
255,238,670
C
1760,590,1245,1760,1080,1245
5,1,1,1,5,1,0,0
0,0,0
