# Scene
O
1
E
960,540,-1500
A
0.3
P
0,0,1920,1080
L
30,20,50
0.5,1.0,0.0001,0.000001
255,255,255
L
30,20,550
0.5,1.0,0.0001,0.000001
255,255,255
L
1900,20,50
0.5,1.0,0.0001,0.000001
255,255,255
L
1900,20,550
0.5,1.0,0.0001,0.000001
255,255,255
L
960,20,575
1,1.0,0.0001,0.000001
255,255,255
L
20,830,300
0.9,1.0,0.001,0.00001
255,255,255
L
1900,830,300
0.9,1.0,0.001,0.00001
255,255,255
S
380,340,350
350,1,1,1,20
255,102,102
S
1683,235,410
205,0.95,1,1,10
102,178,255
S
1308,493,410
168,0.90,1,1,20
0,128,255
S
964,683,410
125,0.85,1,1,30
102,102,255
S
606,832,410
105,0.80,1,1,40
127,0,255
S
259,966,410
78,0.75,1,1,50
204,0,204
S
380,990,205
45,0.70,0.8,0.8,50
260,102,178
S
699,881,205
73,0.65,0.8,0.8,40
102,0,204
S
1050,765,205
81,0.60,0.8,0.8,30
0,0,204
S
1425,601,205
104,0.55,0.8,0.8,20
204,0,102
S
1756,412,205
135,0.50,0.8,0.8,10
255,51,51
