# Background
C
120,169,202
T
./textures/Texturelabs_Sky_163S.ppm
0,0 1920,0 1920,1080 0,1080
# Street
C
85,123,149
T
./textures/Texturelabs_Concrete_192S.ppm
165.46298,921.36011 164.75588,901.56112 1882.3182,901.56112 1881.6111,921.36011
# Shadow
C
0,0,0
T
./textures/Carbon.ppm
1549.978,910.75352 1596.6471,899.43982 1623.5172,882.46925 1639.0735,865.49869 1650.3872,854.18498 1657.4583,840.04285 1664.5293,824.4865 1692.8136,824.4865 1689.9852,829.43625 1857,833.74999 1863,827.74999 1854.25,817.99999 1844.75,813.74999 1853.25,807.24999 1854.5,797.74999 1834.5,745.74999 1841,739.74999 1841.75,709.74999 1829.9923,674.93342 1830.3459,662.55905 1837.7705,624.37528 1777,585.99999 1702.25,555.74999 1641.25,538.5 1444,517.75 1326.25,517 1304.25,524 1184.2271,458.73552 1098.1368,416.30911 1052.7052,398.27789 1005.625,385.25 961.87499,379.5 894.84362,376.71113 791.95959,384.84286 712.58685,395.27269 658.84674,404.11152 528.75,442.625 434.625,477.25 406,489.625 383.87059,495.94701 344.00745,502.92969 324.5,505.375 322.875,502.75 334.25,497.5 352.75,492.625 360.875,491.125 367,490.625 367.125,484.75 201.70221,445.30049 191.09561,445.65404 185.375,448.5 186.625,454.625 232.28458,502.75292 230.6052,509.55882 221.5012,509.20527 205.50291,532.4514 215.49079,542.17412 172.53405,599.44977 174.83215,602.2782 152.73506,623.84495 160.5,658.37499 164.25,665.87499 163.5,671.62499 156.625,683.99999 151.375,698.24999 151.5,709.24999 146.875,712.99999 144.375,723.24999 172.25,756.37499 171.625,783.24999 195.5,785.62499 210.125,798.37499 227.125,802.74999 240.375,802.24999 264,813.24999 354,820.49999 398.5,821.99999 412,845.62499 432.25,870.74999 457.125,890.12499 485.78235,903.50568 520.96092,910.2232 553.13427,907.04122 588.84317,894.31329 619.24876,873.27687 640.81551,846.58359 652.48278,821.4813 655.84153,809.63726 671.22111,809.01854 670.77916,811.40502 1330.7749,822.71873 1395.1217,828.72914 1395.4752,819.53675 1416.3349,820.59741 1435.7803,857.36696 1461.2361,881.76215 1494.4702,900.50048 1521.6938,908.98576
# Spoiler
C
0,0,0
T
./textures/Carbon.ppm
228.79132,516.20717 233.33083,508.68455 234.36843,504.53414 232.81203,498.56793 225.15971,490.13741 216.46979,481.57719 206.22347,472.10907 200.12755,466.14285 194.29104,459.26874 189.36243,453.82133 188.19513,450.83822 188.19513,448.24421 192.73464,445.65021 197.92265,445.52051 203.88886,446.42841 213.35698,449.67092 367.05183,484.69 366.53303,489.48891 359.14011,490.39681 348.37499,492.34231 341.88997,494.15812 332.94065,496.88182 327.88234,499.34613 323.21313,501.42133 322.30523,502.71834 323.47253,505.96084 325.28834,512.70526
# Rear Window
C
127,178,207
T
./textures/Texturelabs_Glass_160S.ppm
401.69837,501.48098 410.13587,493.77718 419.67391,485.70652 430.49593,479.83696 439.4837,475.98506 448.44068,472.02387 454.76992,468.63324 463.41533,466.16893 470.84353,463.16356 477.16738,461.47364 484.69,459.26874 494.67692,455.89653 506.09054,452.91342 516.59627,448.37391 527.75049,444.87201 546.97011,438.19973 556.32473,434.53125 564.76223,432.33016 575.58424,429.21196 587.32337,426.4606 599.42935,421.875 611.3519,418.94022 620.5231,416.73913 630.61142,413.4375 641.9837,410.68614 651.15489,408.48506 657.75815,406.10055 674.08288,405.55027 679.40218,407.20109 682.88723,410.50272 690.59104,415.45516 688.0231,419.12364
# Front Window
C
127,178,207
T
./textures/Texturelabs_Glass_160S.ppm
1055.788,415.63859 1056.8886,408.30163 1067.1603,405 1081.6508,411.23641 1089.7215,414.35462 1097.7921,418.38995 1106.7799,422.24185 1117.4185,427.74457 1127.6902,433.06386 1136.8614,438.56658 1148.4171,443.70245 1155.9375,447.9212 1164.1916,451.40625 1170.7948,454.89131 1179.966,458.92663 1190.9715,466.44701 1201.2432,470.84919 1208.947,474.70109 1215.9171,478.91984 1223.2541,482.40489 1231.1413,487.35734 1238.2948,489.74185 1245.265,494.6943 1254.803,499.27989 1262.6902,504.04892 1269.6603,507.71739 1283.2337,514.87093 1292.4049,518.72283 1300.1087,524.77582 1301.7595,526.9769 1305.6114,535.04756 1254.4361,535.78125 1057.3168,419.96955
# Bodywork
C
255,255,255
T
./textures/WhitePaint.ppm
673.89946,808.89946 676.83424,793.8587 677.26785,782.85326 679.07062,770.68053 677.20109,760.1087 677.0752,749.14395 674.63315,740.29892 672.43207,731.12772 669.13044,718.65489 665.82881,712.41848 663.26087,703.98098 659.95924,699.94565 658.49185,694.07609 652.25544,684.90489 647.11957,675.7337 640.51631,669.13044 637.94837,662.89402 630.24457,656.65761 623.27446,648.58696 614.10326,642.71739 607.5,636.84783 598.32881,632.44565 588.42392,626.57609 579.25272,622.17392 567.69702,617.95516 558.89267,614.65353 552.28941,613.36957 546.60326,612.63587 539.81658,610.80163 530.8288,609.15081 522.57473,609.33424 514.6875,610.43478 505.33289,610.98505 497.99592,611.90217 489.375,614.10326 477.26902,616.30435 468.46468,619.60598 462.59511,621.44022 453.42391,625.84239 447.1875,628.77718 438.01631,634.27989 429.57881,641.25 420.77446,647.48642 413.80435,654.45652 409.40218,659.22555 401.69837,668.76359 395.09511,678.30163 389.22554,689.67392 383.72283,703.98098 379.32065,718.65489 375.28533,730.39402 373.81794,740.11549 372.16712,752.95516 370.88315,765.79484 371.06657,777.7174 371.80027,786.33832 373.63451,794.59239 341.90217,794.77582 329.0625,787.25544 315.85598,782.48642 304.4837,780.65218 288.34239,777.35055 272.20109,775.51631 257.52717,774.41576 241.01902,772.58152 225.61141,769.27989 214.23913,763.41033 203.2337,754.60598 191.12772,743.96739 182.69022,732.96196 176.45381,726.17527 170.58424,718.47147 165.26495,714.25272 158.47826,712.96875 154.44294,711.63893 156.64402,703.98098 155.36006,699.02854 162.88044,680.86957 167.64946,674.26631 168.56658,667.47962 166.53518,658.87749 162.90357,654.46768 161.60657,645.38866 160.30956,637.60664 159.53136,631.89983 159.01256,623.33961 178.9864,604.14397 196.62564,605.95977 206.48287,600.77176 211.93028,595.32435 218.9341,589.61753 224.51121,583.13252 229.31012,575.6099 231.51502,569.12489 231.90412,560.43497 227.88342,551.35595 225.03001,545.90853 220.8796,542.14723 216.72919,537.21861 210.76298,532.5494 223.2142,512.70526 274.70522,512.31616 313.09651,509.72215 351.7472,504.27474 384.95047,499.60553 406.74012,491.82351 430.86437,485.0791 486.6355,466.40225 521.39518,453.95103 552.52325,446.16901 578.46331,438.90579 611.66658,431.64258 641.23825,423.86056 665.1031,420.22895 686.89275,415.04094 678.66848,409.95245 673.62432,407.38451 667.66305,406.65082 657.66644,406.10055 670.13927,403.16576 679.40218,402.06522 692.51699,399.95584 713.09221,397.0126 729.04535,394.02949 743.57178,393.38099 753.2993,390.91668 770.41974,389.74938 800.76961,385.20987 830.08188,382.87527 861.20995,380.02186 892.59742,380.54066 922.94729,378.98426 944.73694,381.05946 963.54348,381.57826 977.29171,383.52377 991.42904,386.37717 1002.9724,387.80388 1015.4236,391.17608 1028.5233,392.99189 1043.6821,397.84647 1050.4688,401.33152 1065.8764,405.7337 1058.8145,408.66848 1056.6135,411.32813 1056.6135,415.18003 1068.0775,419.12364 1144.1984,458.92663 1153.7364,464.0625 1168.4103,473.05027 1190.2378,487.17392 1211.3315,500.19701 1229.6739,510.8356 1242.1467,519.82337 1255.9035,528.62772 1297.0029,527.36139 1313.3452,526.06439 1325.7964,519.83878 1340.0634,520.61698 1357.7027,520.09818 1374.0449,519.57937 1393.5,519.06057 1411.3986,520.09818 1435.2634,521.39518 1455.4967,521.39518 1475.2111,523.72978 1493.6286,525.28619 1512.3054,526.06439 1537.2079,529.9554 1554.5877,531.5118 1574.5616,532.8088 1598.167,535.66221 1619.1785,537.99682 1636.2989,540.59082 1649.7877,542.92543 1662.7578,546.29764 1679.6188,551.22625 1694.4046,555.63606 1706.5965,561.34287 1719.5665,565.23388 1734.0929,571.45949 1751.4728,577.68511 1767.0368,585.72652 1781.8226,591.95214 1793.2363,599.47476 1806.9845,605.95977 1814.5071,611.40718 1820.4733,615.81699 1828.2553,621.52381 1833.4433,626.19302 1832.0381,631.71196 1831.3044,637.76495 1830.0204,644.18479 1828.553,650.05435 1827.6359,654.45652 1826.7188,661.70177 1825.8934,668.39674 1826.2602,676.19226 1827.3607,684.07949 1830.1121,690.13248 1833.5054,697.74457 1835.7065,704.71468 1838.6413,711.13451 1838.2745,719.29688 1838.091,725.99185 1836.5319,737.54756 1832.4049,741.39946 1827.6359,743.96739 1823.8757,746.71875 1818.7398,748.00272 1813.4205,748.55299 1808.3764,748.73642 1802.9654,747.63587 1798.8383,746.07677 1794.2527,743.96739 1790.9511,740.84919 1788.2914,738.37297 1789.4837,736.17188 1785.9986,731.31114 1795.5367,731.31114 1803.2405,725.25816 1797.4626,725.16646 1797.6461,721.49799 1796.1787,715.16986 1796.4538,710.40084 1799.893,708.84174 1799.939,706.73236 1792.5103,706.18209 1785.4026,705.8611 1776.2314,705.63182 1756.9261,705.72352 1754.7708,705.99866 1751.6068,707.74118 1749.3598,710.81353 1746.8377,714.94057 1745.8748,719.3886 1745.3245,722.73609 1745.0952,726.58799 1746.8836,730.71503 1748.1676,734.47522 1749.7725,738.32712 1751.5609,743.00443 1760.457,762.03466 1762.5205,765.24458 1764.263,768.54621 1767.4271,771.98541 1769.9033,774.04893 1775.2685,775.88317 1781.0463,776.52515 1786.0446,777.67155 1791.0429,778.31353 1794.2987,778.95552 1800.8561,779.1848 1806.4505,779.96435 1810.8527,782.66985 1815.1173,786.20076 1827.8653,793.85871 1828.278,794.77583 1828.0487,799.45314 1827.1774,800.59954 1806.1754,814.26462 1801.1771,815.86958 1797.7759,817.37126 1744.2096,816.98216 1738.8919,815.68515 1712.8222,796.48951 1694.5344,796.10041 1695.4423,789.6154 1695.2039,778.4511 1694.1034,763.04349 1693.3697,748.00273 1690.4349,737.36414 1687.867,723.79077 1680.53,708.75001 1677.5952,697.74458 1668.424,685.6386 1663.655,674.63316 1657.818,668.02175 1652.0993,661.42664 1646.78,656.65762 1642.1944,651.1549 1634.8574,646.38588 1627.3371,640.14947 1616.3316,634.09648 1606.977,628.59376 1594.1373,624.37501 1583.1319,620.15626 1571.2093,617.77175 1554.8846,614.65355 1544.7963,614.65355 1530.1224,615.93751 1520.2175,616.12094 1509.2121,618.68887 1488.6686,624.55844 1473.6278,631.1617 1461.3384,637.21469 1445.3805,649.68751 1431.4403,664.54485 1418.6006,681.7867 1409.4295,699.21197 1402.2759,714.61958 1397.8737,730.94431 1394.2053,750.20382 1392.7379,758.27447 1392.7379,769.46333 1392.1876,785.05436 1366.8751,784.68751 1330.7406,819.17121 1142.5477,815.50273 929.95934,811.10056 813.30173,807.43208 716.45391,807.79893
# Body side exhaust
C
0,0,0
T
./textures/Carbon.ppm
1287.2879,745.37892 1291.3537,745.20214 1298.4248,740.51756 1305.4959,733.44649 1312.7437,724.78443 1323.0851,711.17263 1331.7472,698.79826 1342.0002,682.26964 1350.9275,666.18296 1356.8495,654.95764 1363.3902,642.76005 1369.7542,628.44114 1374.4388,616.95065 1376.9136,608.28859 1376.1182,603.16207 1367.5445,595.20712 1357.7334,588.93155 1348.1874,585.39601 1343.768,584.60052 1341.2931,585.21924 1342.0886,587.51733 1344.9171,590.7877 1348.6294,593.7929 1352.872,596.17939 1356.5843,600.42203 1361.8876,607.22793 1352.6952,626.93853 1341.4699,647.62141 1326.7091,672.63531 1315.4837,691.10847 1304.612,707.90226 1297.9829,718.33208 1293.0331,726.37542 1288.3485,733.26971 1284.6362,738.92657 1284.5478,743.2576
# Side Window
C
127,178,207
T
./textures/Texturelabs_Glass_160S.ppm
596.10255,496.49272 593.50854,494.74177 590.26604,492.73141 588.83933,490.98046 586.43988,489.03496 584.55922,487.6731 582.35432,486.1167 580.60336,483.52269 578.33361,481.25294 575.80445,478.85348 573.9238,476.45403 571.91344,474.05457 570.03279,471.33087 569.44914,469.25566 568.99519,466.27255 571.07039,464.06765 574.702,462.51125 579.95486,460.24149 590.33089,456.48018 595.19465,455.31288 599.73416,453.75648 604.98702,452.32977 610.11018,450.77337 614.84424,449.86547 620.03225,448.11451 625.41481,446.75266 631.31618,445.39081 636.43934,444.2235 640.97885,443.38045 645.32381,441.95375 650.57667,440.7216 654.92163,440.00825 659.85024,438.58154 664.13035,437.93304 669.12381,436.24694 674.50638,435.20933 679.62954,433.78263 686.63335,432.87473 694.02627,430.92922 700.96524,429.89162 706.2181,428.46492 712.70311,427.49217 717.63172,426.13031 726.45134,424.96301 733.90911,423.27691 739.94017,423.01751 746.29549,421.5908 756.86606,420.8126 763.09168,419.96955 769.83609,419.32105 776.06171,418.0889 783.90857,417.89435 790.45844,416.98644 797.3974,416.53249 803.81757,415.88399 809.65408,415.75429 816.3985,415.17064 825.73692,414.84639 832.93528,414.06819 843.31131,412.90088 851.28788,412.90088 860.43175,412.18753 868.66772,412.57663 876.70913,412.51173 888.83611,412.31718 900.31459,412.70628 913.80342,413.09538 927.8759,413.35479 944.67209,414.97604 962.37618,416.72699 979.56147,419.5804 996.61705,422.95261 1015.1642,428.46487 1049.2105,441.1755 1079.6252,454.34008 1112.18,470.22836 1133.3212,480.86379 1160.3397,494.14397 1173.913,502.39805 1190.0544,511.75267 1202.894,518.72278 1214.6332,526.42658 1215.3669,527.71055 979.36691,521.00603 845.90531,516.72592 699.34398,509.5924 666.52981,507.1281 629.43552,503.49649 609.20228,500.90248 604.92217,499.99458 599.60446,498.69758
# Side Window Middle Frame
C
78,78,75
T
./textures/Texturelabs_Metal_291S.ppm
780.49998,512.24999 805.24998,512.99999 781.99998,459.74999 775.24998,442.99999 775.24998,436.74999 779.49998,424.74999 750.74998,426.24999 749.49998,436.74999
# Side Window Back Frame
C
0,0,0
T
./textures/Texturelabs_Metal_291S.ppm
787.74998,502.99999 793.74998,516.74999 641.24998,507.24999 599.74998,500.74999 575.49999,483.24999 567.24999,469.74999 567.49999,462.99999 609.99998,448.99999 658.49998,436.49999 700.99998,427.74999 751.74998,418.49999 764.99998,417.49999 764.74998,434.74999 746.24998,435.99999 701.99998,443.49999 649.24998,454.99999 607.49998,467.24999 586.99998,472.99999 600.49998,485.24999 605.99998,487.49999 635.24998,491.99999 655.99998,494.74999 722.99998,499.24999
# Side Window Front Frame
C
0,0,0
T
./textures/Texturelabs_Metal_291S.ppm
787.99998,503.49999 793.24998,516.99999 1218.25,528.49999 1218,524.74999 1132.75,478.74999 1051.75,439.74999 1024.5,429.99999 983.24997,417.49999 954.49998,413.24999 921.74998,411.74999 878.49998,410.24999 818.74998,412.74999 765.24998,417.49999 765.24998,434.74999 839.99998,428.74999 898.24998,427.24999 945.49998,429.74999 979.49997,434.24999 1002.25,439.74999 1038,452.74999 1117.25,488.74999 1168,513.49999
# Side Handle
C
212,212,210
T
./textures/Carbon.ppm
801.02901,585.59682 793.37669,583.65132 789.74509,581.05731 784.94618,578.46331 783.77887,575.0911 784.55707,571.07039 789.09658,567.56848 795.7113,564.71508 804.92002,562.38047 813.09114,560.95377 822.17016,560.04587 828.91457,559.91617 840.1985,559.78647 847.33202,560.43497 856.28134,561.08347 863.54455,561.99137 870.80777,563.93688 877.81159,566.40118 882.3511,569.25459 885.2045,572.7565 885.3342,576.1287 880.79469,580.53851 876.12548,582.87312 870.15927,584.94832 863.15545,586.76413 854.98433,587.67203 846.55381,588.57993 836.30749,588.96903 827.48787,589.22843 820.09495,588.57993 812.96144,587.93143 808.81103,587.28293
# Fuel Cap
C
212,212,210
T
./textures/Carbon.ppm
321.20325,576.29201 319.08193,566.39251 319.43548,558.43757 321.38002,551.72005 324.38523,545.35609 327.39043,541.29023 334.99183,534.21916 339.94158,530.68363 345.24488,528.73908 353.19983,527.67842 360.80123,528.20875 369.10973,530.33007 374.41303,533.68883 380.06989,538.63858 384.66608,544.29543 388.55517,551.72005 389.61583,556.31625 390.14616,565.50863 389.43905,570.63516 387.67128,577.1759 383.95897,583.71663 377.41823,589.72704 372.11493,593.7929 363.98321,596.97488 354.79082,598.21232 347.71975,598.21232 338.88092,595.20712 333.04729,591.31803 326.8601,584.95407 323.8549,580.35788
# Stop Light
C
115,7,2
T
./textures/Texturelabs_Metal_294S.ppm
311.2807,721.00393 316.72812,716.20502 319.45182,711.40611 302.59078,709.97941 288.45345,709.3309 274.96462,709.0715 269.12811,708.5527 258.88179,708.2933 251.74827,708.2933 245.78206,708.1636 249.67306,713.61101 255.37988,718.02082 264.4589,719.18813 279.50413,720.22573 289.75046,720.48513 298.31067,720.74453
# Rear View
C
70,70,70
T
./textures/Carbon.ppm
1154.5,537.75 1151.75,532.5 1147,530.75 1139.875,531.125 1125.375,529.25 1116.125,525.75 1112,522.875 1111.5,511.125 1113.125,502.625 1114.875,496.25 1119.25,487.25 1122,485.5 1131.125,484.875 1141.75,484.75 1151.125,484.875 1159.25,488.5 1166.5,493.625 1172.5,499.375 1179.875,505.875 1191,517.25 1200.5,527 1204.625,531.875 1205.625,534.625 1201.75,538.5
# Rear Tire
C
52,52,52
T
./textures/Tire.ppm
396.5625,787.98913 396.19565,775.14946 397.66304,763.41033 398.76359,752.77174 400.96468,745.06794 402.43207,736.99729 404.63315,729.66033 408.30163,721.22283 412.70381,712.78533 417.47283,705.81522 421.875,697.37772 426.27718,692.97555 432.88044,684.90489 439.85055,679.76902 447.9212,673.16576 454.89131,667.2962 463.32881,662.16033 469.93207,658.125 480.20381,655.19022 487.54076,651.52174 495.45564,649.66525 504.78261,647.85326 517.57778,646.10422 528.39057,645.37052 541.46739,646.75272 552.83968,647.48642 562.01087,651.52174 570.44837,652.98913 579.25272,657.75815 586.58968,660.69294 591.72555,664.72826 595.76087,667.2962 601.99728,672.06522 608.2337,677.56794 610.80163,681.60326 618.50544,687.83968 622.90761,692.97555 627.67663,698.84511 632.8125,705.08152 636.11413,713.15218 640.51631,720.85598 643.08424,727.82609 645.65218,735.16305 648.58696,741.76631 651.1549,751.30435 652.62229,759.74185 654.43809,768.24229 655.346,777.05046 654.00448,787.23319 653.72283,795.69294 652.98913,804.49729 652.25544,814.03533 650.78805,819.90489 647.48642,829.44294 643.08424,837.14674 639.41576,844.11685 634.64674,852.1875 628.04348,861.3587 622.54076,867.22826 614.10326,874.56522 607.13315,878.60055 601.99728,884.47011 592.09239,889.23913 581.82065,895.84239 569.34783,899.51087 560.54348,903.5462 551.73913,905.38044 541.10055,906.84783 530.82881,908.31522 513.99966,908.04008 504.04891,906.84783 490.1087,902.44566 481.30435,899.87772 475.06794,898.04348 466.99728,893.27446 458.55978,889.97283 448.28805,881.90218 437.28261,873.83152 431.0462,867.96196 424.44294,860.625 416.73913,851.45381 408.66848,836.0462 403.16576,823.20652 399.13044,812.20109 396.92935,802.2962 396.5625,793.49185\
# Rear Rim Background
C
18,18,18
T
./textures/Texturelabs_Sky_163S.ppm
473.99999,857.74998 463.24999,849.49998 450.99999,837.24998 442.74999,824.99998 437.99999,816.24998 431.99999,803.74998 429.49999,791.99998 428.49999,778.49998 428.24999,764.99998 430.49999,751.74998 434.49999,739.74998 440.49999,727.24998 449.49999,713.24998 458.99999,702.74998 469.74999,694.74998 488.49999,684.24998 506.24999,678.49998 522.99999,676.99998 536.74999,676.74998 551.99999,679.49998 566.74999,685.74998 577.49999,691.49998 589.99998,700.24998 599.49998,710.49998 609.49998,724.24998 616.24998,738.24998 621.24998,751.74998 622.99998,768.24998 623.74998,783.24998 621.24998,796.99998 617.99998,810.49998 604.74998,832.49998 594.24998,844.74998 579.49999,855.99998 561.49999,865.24998 541.74999,871.49998 517.74999,873.24998 500.99999,869.99998 485.24999,865.24998
# Rear Brake
C
134,133,131
T
./textures/Texturelabs_Metal_291S.ppm
572.46604,816.78669 578.3356,809.08288 581.63723,802.66305 584.20517,798.4443 586.58967,791.10734 588.60734,784.50408 589.89131,776.61685 589.34104,770.01359 588.05707,763.22691 585.85598,754.05571 583.10462,747.8193 580.72011,743.05027 576.86821,736.99729 573.01631,732.41169 567.33017,727.64267 563.84511,724.15761 558.70924,721.22283 553.38995,717.73777 547.88723,715.16984 540.7337,713.51902 532.66305,712.23506 525.50951,711.68479 516.52174,712.05163 508.08424,714.25272 501.48098,716.45381 492.12636,721.03941 482.58832,728.55979 478.18614,733.3288 473.05027,740.11549 469.74864,746.35191 466.08017,753.32201 464.7962,761.57609 464.24592,771.29756 465.52989,780.28533 466.81386,790.74049 469.56522,799.54484 472.68343,807.43207 477.63587,814.21875 485.70652,821.55571 492.67663,827.24185 499.64674,830.54348 509.91848,834.57881 520.74049,836.77989 531.19565,837.51359 542.75136,835.12908 552.83968,831.64403 562.56114,825.95788
# Rear Caliper
C
255,27,44
T
./textures/Texturelabs_Metal_294S.ppm
460.95484,804.27152 471.33087,804.27152 476.77828,799.73201 475.35158,790.26389 475.35158,777.16416 476.25948,769.12274 476.38918,763.67533 477.42678,759.13582 479.76139,751.6132 481.57719,746.29549 484.5603,740.32927 487.5434,735.01156 492.99081,727.74835 487.80281,721.91183 481.31779,717.11292 475.61098,721.65243 470.94177,726.97014 465.88345,734.10366 463.03005,740.32927 458.87964,748.63009 457.19353,758.09821 456.54503,767.95544 456.67473,775.86715 457.45293,783.13037 458.36084,791.43119 458.87964,796.6192
# Rear Rim
C
0,0,0
T
./textures/Carbon.ppm
570.29219,857.05954 578.33361,854.46553 582.09492,849.66662 577.94451,842.79251 571.71889,831.76798 567.04968,822.81866 561.21317,813.86934 556.80336,807.77343 560.69437,803.88242 564.84478,798.69441 566.91998,793.7658 569.90309,787.54018 570.42189,781.83337 581.57612,780.92547 593.24914,779.49876 606.60827,776.77506 618.8001,775.34835 618.1516,768.60394 618.1516,764.19413 608.16468,763.80503 599.86386,764.06443 594.41644,764.06443 585.72652,763.93473 579.89001,762.63772 574.8317,762.37832 568.99519,760.69222 565.88238,751.8726 563.67747,748.11129 559.00826,744.34998 562.63987,737.86497 566.53088,731.50965 568.99519,725.02464 572.49709,719.57723 575.0911,714.25952 580.01971,707.126 582.09492,701.41919 584.55922,696.74998 581.70582,694.15597 576.2584,691.82136 570.81099,698.43608 566.66058,704.01319 562.12107,710.10911 557.32216,716.46442 552.39355,720.87423 546.55704,726.32164 542.27693,729.30475 538.38592,730.73145 531.6415,729.17505 525.80499,729.17505 520.09818,730.08295 516.46657,732.02846 513.87256,727.09984 508.16575,719.05843 504.01534,712.96251 499.34613,708.8121 496.23332,704.27259 491.95321,697.91728 488.84041,694.15597 487.1543,691.30256 484.69,689.48676 477.94558,693.76687 475.74068,696.74998 478.33468,702.32709 481.96629,708.0339 486.3761,714.38922 488.97011,719.44753 491.69381,725.15434 494.02842,732.02846 496.88182,740.19957 491.30471,744.73908 488.71071,747.85189 485.7276,755.11511 479.89109,754.85571 473.14667,754.59631 464.97555,754.85571 453.30253,754.07751 446.16901,754.20721 437.73849,754.46661 435.01478,754.98541 432.80988,760.95162 433.32868,766.26933 442.6671,767.82574 452.52432,768.08514 463.03005,769.38214 469.38536,771.19794 477.42678,773.53255 481.05839,776.12656 481.05839,783.38977 482.74449,789.61539 486.8949,796.7489 491.69381,802.97452 494.67692,803.75272 493.37992,809.32983 491.17501,816.20395 487.9325,822.94836 484.69,830.34128 481.05839,836.82629 477.16738,842.92221 473.14667,849.01812 469.38536,852.00123 475.35158,857.18924 479.89109,858.22684 486.3761,852.13093 490.13741,846.94292 496.75212,840.5876 501.55103,833.58379 506.86875,825.41267 512.57556,817.89005 516.98537,819.18705 522.69218,819.70585 528.6584,819.18705 535.53251,816.85245 542.14723,821.00286 547.07584,826.96907 551.61535,830.86008 557.58156,836.30749 560.95377,843.18161 564.32598,847.33202 568.34669,851.35273
# Rear Rim Screw1
C
86,86,86
T
./textures/Texturelabs_Metal_294S.ppm
528.03198,797.96998 527.14809,793.90412 528.73908,789.66148 533.68883,787.54016 538.63858,790.36858 540.05279,795.31833 537.93147,799.56097 532.45139,800.79841
# Rear Rim Screw2
C
86,86,86
T
./textures/Texturelabs_Metal_294S.ppm
502.75291,792.13635 502.22258,787.54016 504.52068,783.65107 510.53108,782.06008 514.24339,784.71173 515.83438,788.95437 514.59695,793.55056 508.94009,796.37899
# Rear Rim Screw3
C
86,86,86
T
./textures/Texturelabs_Metal_294S.ppm
538.81535,775.51934 539.34568,770.92315 540.58312,768.80183 543.23477,767.03406 548.36129,767.21084 551.18972,769.86249 551.89683,774.63546 550.65939,778.17099 546.0632,780.11554 540.93667,779.23165
# Rear Rim Screw4
C
86,86,86
T
./textures/Texturelabs_Metal_294S.ppm
523.08223,759.25589 522.19834,753.95259 523.96611,750.41705 529.62297,748.47251 534.21916,750.77061 535.63337,754.83647 534.39594,759.96299 529.26941,761.73076
# Rear Rim Screw5
C
86,86,86
T
./textures/Texturelabs_Metal_294S.ppm
507.70266,771.45348 512.47563,768.2715 513.35951,763.6753 511.23819,759.07911 506.46522,757.84167 501.3387,760.13977 499.7477,765.44307 501.51547,770.39282
# Front Tire
C
52,52,52
T
./textures/Tire.ppm
1412.1807,783.9538 1412.3641,774.41576 1413.0979,765.97826 1413.2813,757.90761 1414.7487,750.93751 1416.7663,743.96739 1420.0679,739.19837 1425.2038,727.82609 1428.8723,718.28805 1434.7419,708.75 1438.7734,700.98325 1444.2983,694.52813 1451.6169,687.47283 1461.8886,678.30163 1471.0598,669.49729 1482.7989,662.52718 1496.3723,655.92392 1511.413,651.15489 1522.4185,649.32065 1537.4592,647.48642 1548.4647,647.11957 1560.9375,647.48642 1576.3451,651.52174 1588.8179,655.19022 1600.9239,662.16033 1609.3614,667.2962 1616.6984,673.53261 1627.7038,680.13587 1635.0408,687.83968 1640.9103,696.27718 1648.2473,703.98098 1652.6495,714.25272 1659.6196,724.15761 1662.1875,734.42935 1665.4891,746.53533 1666.9565,756.80707 1667.3234,766.71196 1668.7908,773.31522 1669.5245,783.58696 1668.0571,795.32609 1667.6902,804.49729 1666.2228,813.66848 1665.1223,824.67392 1661.087,835.67935 1656.3179,845.21739 1649.7147,852.9212 1644.5788,860.625 1638.7092,867.22826 1630.2717,874.19837 1623.3016,880.80163 1613.3967,886.30435 1608.6277,890.70653 1597.2554,895.47555 1580.3804,902.44566 1563.5054,907.21468 1546.6304,907.94837 1534.1576,907.21468 1516.9158,905.74729 1500.0408,901.34511 1486.1005,894.74185 1471.4266,887.40489 1458.9538,878.96739 1450.8832,870.16305 1442.0788,862.82609 1435.4755,852.55435 1431.0734,847.78533 1425.9375,838.98098 1418.9674,826.14131 1416.7663,813.30163 1414.9321,804.13044 1413.0736,793.70865
# Front Rim Background
C
18,18,18
T
./textures/Texturelabs_Sky_163S.ppm
1489.1668,855.59918 1477.4996,848.52812 1467.6001,838.27507 1462.6503,830.49689 1456.9935,821.3045 1450.9831,808.57658 1446.0333,794.08089 1443.75,775.74998 1445.75,760.74998 1449.75,743.24998 1458.25,722.74998 1471.75,705.49998 1489,692.24998 1510.75,681.24998 1526.75,676.74998 1548,676.24998 1572.75,680.49998 1595.25,690.49998 1612,703.99998 1625.5,720.74998 1635.25,740.49998 1640.25,760.24998 1641,775.99998 1637,799.24998 1628,822.24998 1612,844.74998 1592.5,858.74998 1572.25,867.99998 1554,872.24998 1539.5,872.99998 1522.5,871.49998 1504.75,865.99998
#Front Brake
C
134,133,131
T
./textures/Texturelabs_Metal_291S.ppm
1583.3152,822.83968 1589.1848,817.33696 1593.2201,810.7337 1597.4389,804.68071 1600.1902,799.17799 1602.2079,794.40897 1603.6753,788.35598 1605.3261,782.30299 1605.6929,775.33288 1605.8764,767.99593 1604.409,761.94294 1602.9416,756.44022 1600.7405,749.83696 1597.6223,744.70109 1593.587,737.73098 1589.1848,731.12772 1583.8655,727.09239 1578.7296,722.32337 1571.5761,718.65489 1561.8546,714.61957 1554.1508,713.15218 1543.3288,711.68479 1534.341,712.05163 1525.5367,714.0693 1516.7323,716.82066 1508.8451,720.12229 1503.159,724.70788 1498.5734,729.84375 1492.8872,737.18071 1488.1182,745.25136 1484.6332,753.50544 1482.9823,763.22691 1481.6984,772.3981 1482.7989,780.10191 1484.0829,791.10734 1485.3669,800.27854 1489.769,809.44973 1495.0883,815.50272 1500.591,821.18886 1507.0109,825.77446 1513.0639,829.62636 1521.1345,833.29484 1526.8207,834.76223 1535.2582,836.96332 1543.3288,836.59647 1553.784,836.0462 1561.8546,834.21196 1567.1739,832.01087 1574.8777,828.70924
#Front Caliper
C
255,27,44
T
./textures/Texturelabs_Metal_294S.ppm
1476.8972,803.88242 1487.6624,804.40122 1494.0177,798.56471 1492.7207,792.98759 1491.6831,784.94618 1491.9425,778.20176 1492.0722,772.10585 1492.591,765.23173 1494.2771,759.26552 1495.5741,752.7805 1498.8166,745.38759 1503.0967,737.73527 1508.9332,729.30475 1504.5234,723.33854 1497.3899,717.24262 1490.3861,723.33854 1486.2357,728.78595 1481.9556,737.08677 1477.5457,745.90639 1475.2111,752.5211 1473.7844,759.13582 1472.7468,766.91783 1473.1359,775.21865 1474.1735,783.26007 1474.6923,791.82029 1475.4705,797.0083
#Front Rim
C
0,0,0
T
./textures/Carbon.ppm
1587.534,857.32337 1597.8057,851.45381 1593.9538,843.38316 1589.7351,836.96332 1586.0666,829.07609 1582.9484,823.38995 1580.197,818.25408 1576.712,812.38451 1573.4103,806.8818 1577.4457,803.76359 1580.7473,799.72826 1584.2323,794.04212 1586.4334,786.70517 1586.8003,782.85326 1593.587,781.93614 1600.3736,781.75272 1609.5448,780.10191 1617.4321,779.18479 1626.6033,777.16712 1636.6916,774.41576 1636.875,768.5462 1635.2242,764.51087 1625.6861,765.06114 1615.5978,764.51087 1608.4443,764.32745 1603.3084,763.9606 1596.1549,763.59375 1590.8356,761.57609 1586.25,760.84239 1583.8655,754.78941 1580.5639,748.18614 1574.9507,743.05298 1577.8041,739.03227 1580.5278,734.75216 1582.9921,730.60175 1587.1425,722.56033 1591.9414,715.03772 1595.1839,709.72001 1598.2967,704.14289 1600.2422,697.26878 1593.1087,691.30256 1589.088,694.93417 1585.9752,700.12218 1580.009,706.2181 1574.6913,713.87041 1569.7627,720.22573 1564.4449,724.63554 1559.9054,728.65625 1556.0144,730.99085 1550.0482,729.17505 1544.082,728.65625 1537.597,729.04535 1533.3169,731.37995 1528.7774,725.15434 1523.4596,717.24262 1517.4934,711.40611 1513.0836,704.53199 1508.4783,699.76223 1505.5435,694.99321 1500.591,690.22419 1494.9049,693.43411 1490.411,696.82745 1492.5204,700.86278 1498.1148,708.19973 1500.8662,713.06047 1504.0761,718.01291 1508.2031,725.44158 1510.9545,731.03601 1512.5136,736.3553 1512.8582,740.04874 1507.6529,744.05911 1504.5347,748.18614 1502.6087,754.69769 1496.6474,754.60599 1488.7602,754.33086 1475.6454,754.51428 1462.714,754.97284 1454.0931,755.70654 1449.8743,756.71537 1449.7823,767.07882 1456.1104,766.80368 1462.8971,766.71198 1469.5921,767.35396 1478.855,769.46334 1486.5588,770.56388 1492.5201,773.13182 1497.7477,775.42462 1497.3808,782.02788 1498.4814,787.62231 1501.0493,793.49187 1503.8924,797.43549 1510.2205,803.58019 1509.3034,809.26633 1507.0106,817.24527 1504.3509,822.74799 1502.5167,827.4253 1500.1322,832.37774 1498.0228,836.50478 1495.088,840.90695 1491.8781,845.03399 1488.8516,849.43617 1486.2837,853.83834 1490.5941,856.95655 1495.5466,859.89133 1499.857,856.31456 1503.7089,850.72013 1508.2945,844.85057 1511.1376,841.36551 1513.7973,836.6882 1517.7409,832.46945 1521.0425,827.60872 1524.5276,823.66511 1526.9121,819.53807 1529.2966,816.32815 1536.0833,819.26293 1542.3197,819.44636 1549.1064,818.43752 1551.6743,816.97013 1556.4433,819.72149 1559.4698,822.56456 1564.6974,826.78331 1568.1825,831.46062 1571.6675,835.58766 1574.3272,838.981 1577.7205,843.29146 1579.3713,846.40967 1583.0398,850.99527
# Front Rim Screw1
T
./textures/Texturelabs_Metal_294S.ppm
C
86,86,86
1543.625,797.37498 1544,792.37498 1546.25,788.99998 1551.75,787.87498 1555.375,789.99998 1557,794.12498 1556.125,798.37498 1552.25,800.99998 1547.625,801.37498
# Front Rim Screw2
T
./textures/Texturelabs_Metal_294S.ppm
C
86,86,86
1556,774.99998 1555.625,770.99998 1557.5,767.74998 1561.75,766.24998 1565.625,766.99998 1568,770.62498 1568.5,774.62498 1565.625,779.37498 1561,779.87498 1557.375,778.49998
# Front Rim Screw3
T
./textures/Texturelabs_Metal_294S.ppm
C
86,86,86
1539.375,758.74998 1538.75,754.62498 1540.125,750.74998 1543.25,748.99998 1547.875,748.74998 1551.625,751.74998 1552.5,754.99998 1552,758.49998 1549,761.62498 1544.75,762.49998
# Front Rim Screw4
T
./textures/Texturelabs_Metal_294S.ppm
C
86,86,86
1521.125,772.24998 1518,768.74998 1516.75,765.24998 1517.25,760.87498 1520.5,758.99998 1524.75,757.99998 1527.875,759.62498 1530.625,763.12498 1530.375,766.87498 1528.375,770.74998
# Front Rim Screw5
T
./textures/Texturelabs_Metal_294S.ppm
C
86,86,86
1521.875,795.49998 1518.75,791.62498 1518.5,787.99998 1520.5,783.99998 1525.875,782.37498 1530.25,783.74998 1532.125,787.87498 1532.125,792.37498 1528.25,795.87498
# Rear Light
C
119,7,3
T
./textures/Texturelabs_Metal_294S.ppm
180.15371,604.40337 175.4845,600.25296 175.3548,597.01045 214.52429,544.35213 218.80439,542.27693 223.73301,545.38973 228.79132,554.33905 230.73682,563.15867 230.86652,572.6268 227.23491,579.50091 221.6578,586.89383 216.34009,592.08184 208.29867,598.56685 202.85126,603.23606 197.40385,605.83007 186.89812,605.57067
# Front Light
C
26,26,26
T
./textures/Texturelabs_Glass_125S.ppm
1781.75,656.12498 1786.625,650.62498 1789.625,644.99998 1792.375,638.74998 1796.75,628.62498 1797.125,625.99998 1805.625,621.24998 1791.25,618.74998 1781.625,617.74998 1760.625,615.87498 1738.125,613.74998 1700.125,609.74998 1668.875,605.12498 1664.5,607.99998 1664.75,614.24998 1676.375,623.62498 1695.625,637.62498 1707.625,645.37498 1732.875,652.24998 1754.625,655.37498
# Front Light Directional
C
188,111,7
T
./textures/Texturelabs_LensFX_202S.ppm
1726.136,647.62141 1726.8431,615.53644 1696.4375,611.73574 1668.33,608.81892 1667.5345,611.02863 1683.0025,625.25916 1704.1273,639.48968
