S
200
88,108 163,86 141,90 248,80
S
350
202,97 158,108 109,110 95,105 98,92 112,80 146,65 188,55 202,55 199,59 166,71 130,78 125,79
S
250
145,103 172,94 192,85 217,70 224,65 225,58 226,57 210,52 163,58 126,66 109,74 118,78 125,79
S
50
145,103 149,105 154,102 158,99
S
100
96,99 99,100 126,66 127,62
S
100
127,62 123,66 111,83 100,103 99,106 104,105 111,97
S
50
111,97 112,103 114,105 117,102 124,94
S
25
124,94 126,94 128,94
S
50
128,94 125,97 126,99 129,97 131,92
S
100
131,92 129,98 130,100 156,59 155,57
S
100
155,57 151,60 134,96 136,94 142,85
S
25
142,85 138,87 136,85 141,82
S
50
142,85 140,89 141,91 144,91 145,90 150,83 142,86
S
150
171,63 172,61 174,58 171,59 167,63 154,80 147,91 144,106 147,108 154,103 175,80 188,63 189,59
S
100
189,59 188,60 183,62 173,80 169,93 172,92 177,87 185,77
S
30
185,77 182,81 183,84 186,84 192,79
S
15
192,79 189,82 190,82 193,80
S
15
193,80 195,82 197,80
S
100
194,79 203,73 211,66 217,61 232,49 236,46
S
100
236,46 235,46 231,48 215,66 199,90 201,91 204,86 211,78
S
25
211,78 209,80 211,81 213,80
S
25
213,80 210,82 212,83 213,82 214,80
S
1
193,72
S
1
180,117
S
125
177,42 137,128
S
125
189,45 156,130

